Symbols:
AWGN
 0.0060   16.0000
    0.0085   32.0000
    0.0177  128.0000
    0.0257  352.0000
    0.0377  192.0000
    0.0559  128.0000
    0.0842  384.0000
    0.1304  336.0000
    0.2132  160.0000

Rayleigh:

    0.0639   64.0000
    0.0758  256.0000
    0.0835  128.0000
    0.0935  256.0000
    0.0992  512.0000
    0.1226  512.0000

Rician:
 0.0098   16.0000
    0.0137   32.0000
    0.0236  128.0000
    0.0320   64.0000
    0.0327   32.0000
    0.0335  256.0000
    0.0456  128.0000
    0.0469   64.0000
    0.0629  128.0000
    0.0879  128.0000
    0.0917  256.0000
    0.1215   16.0000
    0.1308  256.0000
    0.1309   64.0000
    0.1856   32.0000
    0.2014  128.0000

Rayleigh + imperfect CSIR
 0.0900   64.0000
    0.1046  256.0000
    0.1131  128.0000
    0.1243  128.0000
    0.1252  128.0000
    0.1317  512.0000
    0.1570  256.0000
    0.1581  256.0000

Rician + imperfect CSIR
 0.0138   16.0000
    0.0185   32.0000
    0.0341  128.0000
    0.0461   32.0000
    0.0462   32.0000
    0.0465  256.0000
    0.0467   32.0000
    0.0632   64.0000
    0.0634   64.0000
    0.0643   64.0000
    0.0858   64.0000
    0.0862   64.0000
    0.1206  128.0000
    0.1213  128.0000
    0.1216  128.0000
    0.1697   32.0000
    0.1714   16.0000
    0.1717   32.0000
    0.1743  256.0000
    0.2493   32.0000
    0.2513   64.0000
    0.2538   64.0000

Bit
AWGN
0.0043   32.0000
    0.0060   16.0000
    0.0129  256.0000
    0.0177  128.0000
    0.0188  192.0000
    0.0257   96.0000
    0.0421  256.0000
    0.0559  128.0000
    0.0652  256.0000
    0.0842  128.0000
    0.1066  160.0000
    0.1304   80.0000

Rayleigh:
 0.0417  128.0000
    0.0496  512.0000
    0.0613  512.0000
    0.0639   64.0000
    0.0758  256.0000
    0.0935  256.0000

Rician:
0.0069   32.0000
    0.0098   16.0000
    0.0167  256.0000
    0.0228  128.0000
    0.0234   64.0000
    0.0236  128.0000
    0.0320   64.0000
    0.0327   32.0000
    0.0458  256.0000
    0.0629  128.0000
    0.0654  256.0000
    0.0879  128.0000
    0.0928   32.0000
    0.1007  128.0000
    0.1215   16.0000
    0.1309   64.0000

Rayleigh + imperfect CSIR:
 0.0566  128.0000
    0.0658  512.0000
    0.0785  256.0000
    0.0791  256.0000
    0.0900   64.0000
    0.1046  256.0000
    0.1243  128.0000
    0.1252  128.0000

Rician + imperfect CSIR:
0.0092   32.0000
    0.0138   16.0000
    0.0232  256.0000
    0.0316   64.0000
    0.0317   64.0000
    0.0322   64.0000
    0.0341  128.0000
    0.0461   32.0000
    0.0462   32.0000
    0.0467   32.0000
    0.0603  128.0000
    0.0606  128.0000
    0.0858   64.0000
    0.0862   64.0000
    0.0872  256.0000
    0.1216  128.0000
    0.1247   32.0000
    0.1257   64.0000
    0.1269   64.0000
    0.1697   32.0000
    0.1714   16.0000
    0.1717   32.0000
